0 0.305730 0.162042 0.058336 0.116667
0 0.335680 0.606021 0.045312 0.106486
0 0.345570 0.300924 0.060937 0.114819
0 0.350000 0.452319 0.039578 0.097222
0 0.370312 0.078243 0.063547 0.115736
0 0.412242 0.618979 0.045312 0.106486
0 0.471875 0.295375 0.050000 0.111111
0 0.491406 0.115743 0.065109 0.107403
0 0.499480 0.470833 0.060414 0.117583
0 0.504949 0.613424 0.041148 0.100931
0 0.525781 0.799542 0.059891 0.119444
0 0.535680 0.243521 0.064062 0.096292
0 0.584637 0.452778 0.065102 0.109250
0 0.589586 0.326389 0.056250 0.073139
0 0.592449 0.132868 0.058852 0.076847
0 0.604430 0.657875 0.045312 0.108333
0 0.653645 0.778708 0.052086 0.111111
0 0.662500 0.387035 0.065625 0.118514
0 0.695836 0.180097 0.065625 0.097222
0 0.710676 0.567590 0.047398 0.109264
0 0.726039 0.391667 0.043750 0.101861
0 0.751305 0.735181 0.045312 0.105556
0 0.775000 0.268986 0.050000 0.108333