0 0.335547 0.604861 0.046094 0.109722
0 0.344922 0.463889 0.039844 0.102778
0 0.364453 0.329861 0.044531 0.106944
0 0.417187 0.242361 0.065625 0.101389
0 0.412891 0.619444 0.047656 0.108333
0 0.433203 0.390278 0.061719 0.119444
0 0.467187 0.136111 0.064062 0.100000
0 0.481250 0.333333 0.060937 0.088889
0 0.484766 0.583333 0.061719 0.119444
0 0.494141 0.453472 0.064844 0.115278
0 0.548438 0.306250 0.062500 0.090278
0 0.548438 0.675694 0.057813 0.118056
0 0.548047 0.556944 0.050781 0.111111
0 0.555859 0.191667 0.057031 0.075000
0 0.566797 0.413194 0.066406 0.118056
0 0.608203 0.241667 0.047656 0.108333
0 0.608594 0.572222 0.043750 0.102778
0 0.662891 0.385417 0.067969 0.120833
0 0.662500 0.562500 0.045312 0.105556
0 0.687500 0.243750 0.046875 0.106944
0 0.710547 0.565972 0.047656 0.109722
0 0.726172 0.390972 0.044531 0.104167