0 0.335680 0.605556 0.045312 0.105556
0 0.346613 0.301389 0.063023 0.115750
0 0.344531 0.463889 0.040109 0.098139
0 0.386977 0.100465 0.059375 0.084264
0 0.414324 0.221757 0.065102 0.106486
0 0.415625 0.457403 0.063547 0.116667
0 0.412500 0.617597 0.045828 0.105556
0 0.467445 0.135646 0.064062 0.099069
0 0.482293 0.308333 0.063539 0.116667
0 0.495312 0.447688 0.062500 0.117597
0 0.505469 0.611569 0.040109 0.097222
0 0.525523 0.799076 0.059375 0.118514
0 0.555730 0.191667 0.057289 0.074083
0 0.584637 0.452778 0.066148 0.109250
0 0.585156 0.075465 0.061984 0.089819
0 0.604949 0.657403 0.046352 0.105556
0 0.653906 0.778708 0.050516 0.111111
0 0.663543 0.386569 0.067711 0.119444
0 0.695836 0.180090 0.065625 0.099069
0 0.711461 0.567125 0.046875 0.108333
0 0.726301 0.391201 0.044273 0.100931
0 0.752082 0.734264 0.045836 0.105556
0 0.774480 0.268979 0.051039 0.110181