0 0.305207 0.162500 0.057289 0.115750
0 0.334895 0.606021 0.045836 0.106486
0 0.345574 0.301389 0.063023 0.117583
0 0.348957 0.452312 0.038539 0.095375
0 0.406250 0.319444 0.048953 0.109250
0 0.412238 0.618979 0.046352 0.106486
0 0.423180 0.458333 0.064062 0.101861
0 0.499219 0.470375 0.060937 0.116667
0 0.516406 0.337500 0.066141 0.110194
0 0.504430 0.612500 0.039062 0.099083
0 0.518750 0.205556 0.062500 0.118528
0 0.524477 0.798146 0.059375 0.118514
0 0.572656 0.513889 0.060937 0.114806
0 0.582293 0.243979 0.057289 0.078708
0 0.604688 0.657868 0.046875 0.104625
0 0.627344 0.406486 0.067187 0.105556
0 0.638543 0.564812 0.064586 0.118514
0 0.653125 0.778708 0.051047 0.111111
0 0.665102 0.293521 0.065625 0.098153
0 0.710676 0.571292 0.046352 0.105556
0 0.718227 0.412500 0.043750 0.102778
0 0.774477 0.268979 0.050000 0.110181