0 0.305207 0.162958 0.057289 0.116667
0 0.334895 0.606486 0.045836 0.105556
0 0.345313 0.300931 0.062500 0.116667
0 0.348957 0.452778 0.038539 0.096306
0 0.370051 0.078243 0.063023 0.117597
0 0.406250 0.318979 0.050000 0.110181
0 0.411977 0.619910 0.046875 0.104625
0 0.423180 0.458792 0.064062 0.102778
0 0.498699 0.470368 0.061977 0.118514
0 0.516148 0.338424 0.065625 0.110181
0 0.503645 0.612500 0.039586 0.099083
0 0.524477 0.800000 0.059375 0.122222
0 0.572395 0.514354 0.060414 0.117597
0 0.582031 0.244444 0.058859 0.079639
0 0.604688 0.658333 0.046875 0.105556
0 0.626820 0.406486 0.067187 0.105556
0 0.637762 0.563431 0.065102 0.119444
0 0.652344 0.779625 0.051562 0.111111
0 0.665105 0.293521 0.066664 0.098153
0 0.710156 0.570833 0.047391 0.106472
0 0.718488 0.412958 0.044273 0.100000
0 0.774480 0.268979 0.051039 0.110181