0 0.286844 0.600000 0.046297 0.105194
0 0.312336 0.755472 0.047469 0.106778
0 0.337973 0.436451 0.044242 0.103125
0 0.339289 0.872917 0.042781 0.104167
0 0.348961 0.568750 0.041609 0.102083
0 0.368590 0.726042 0.045711 0.106250
0 0.391738 0.428646 0.042195 0.098958
0 0.401258 0.564847 0.047172 0.107806
0 0.402430 0.839847 0.042484 0.102611
0 0.451656 0.443493 0.050687 0.110931
0 0.456340 0.572917 0.046586 0.104167
0 0.455316 0.861451 0.040430 0.101042
0 0.469969 0.705472 0.045703 0.105722
0 0.506152 0.846354 0.046586 0.107292
0 0.506590 0.548951 0.041023 0.101042
0 0.533109 0.683333 0.048344 0.108333
0 0.560945 0.825521 0.044828 0.105208
0 0.592883 0.685417 0.054203 0.114583
0 0.594055 0.536201 0.041312 0.100514
0 0.606062 0.824222 0.041312 0.099472
0 0.655141 0.537243 0.040437 0.098431
0 0.661441 0.691146 0.050102 0.109375