0 0.287137 0.599743 0.045711 0.104681
0 0.312336 0.754944 0.046875 0.106778
0 0.337969 0.436201 0.044828 0.103653
0 0.348523 0.569271 0.040141 0.101042
0 0.368148 0.726042 0.046000 0.106250
0 0.391445 0.427868 0.042187 0.100514
0 0.401699 0.564069 0.047461 0.106250
0 0.402871 0.839326 0.042773 0.102597
0 0.416934 0.718750 0.044539 0.102083
0 0.456926 0.571875 0.045414 0.105194
0 0.455461 0.860681 0.040141 0.099472
0 0.470410 0.727604 0.040727 0.098958
0 0.506152 0.846097 0.046586 0.106778
0 0.506297 0.548958 0.041609 0.100000
0 0.533547 0.683333 0.049219 0.108333
0 0.562996 0.839847 0.040727 0.100528
0 0.593613 0.684375 0.055086 0.113556
0 0.593172 0.535681 0.040141 0.100528
0 0.606797 0.822132 0.043953 0.103653
0 0.655875 0.537500 0.040734 0.098944
0 0.661734 0.690104 0.050687 0.109375
0 0.661590 0.813799 0.041023 0.098431