0 0.335418 0.606021 0.045836 0.106486
0 0.346355 0.301847 0.063539 0.116667
0 0.344531 0.462965 0.041141 0.098153
0 0.386980 0.100465 0.060414 0.084264
0 0.414062 0.221757 0.064578 0.106486
0 0.415625 0.457868 0.064578 0.117597
0 0.413023 0.618979 0.046875 0.106486
0 0.467445 0.136111 0.064062 0.098139
0 0.481770 0.308333 0.063539 0.116667
0 0.505207 0.613424 0.039586 0.099069
0 0.525523 0.799076 0.059375 0.118514
0 0.555469 0.192590 0.056766 0.074069
0 0.584375 0.452319 0.066672 0.108333
0 0.584633 0.076389 0.060937 0.089806
0 0.605211 0.657868 0.046875 0.106486
0 0.653645 0.779167 0.051039 0.110194
0 0.663020 0.387035 0.066664 0.118514
0 0.695312 0.180090 0.065625 0.099069
0 0.710938 0.567125 0.046875 0.108333
0 0.726562 0.391667 0.044797 0.101861
0 0.751820 0.734722 0.045312 0.104639
0 0.774738 0.268979 0.050523 0.110181