0 0.334895 0.605556 0.045836 0.105556
0 0.345313 0.300931 0.062500 0.116667
0 0.348957 0.451854 0.038539 0.096292
0 0.367969 0.173153 0.063016 0.116667
0 0.406250 0.318521 0.048953 0.109264
0 0.411195 0.618514 0.045313 0.105556
0 0.422918 0.458792 0.064586 0.102778
0 0.454688 0.219444 0.063547 0.096306
0 0.498957 0.469910 0.061461 0.117597
0 0.516406 0.337500 0.066141 0.110194
0 0.504687 0.612958 0.039578 0.100000
0 0.519012 0.205556 0.063023 0.118528
0 0.524738 0.799076 0.059898 0.118514
0 0.572395 0.513889 0.060414 0.116667
0 0.582031 0.243514 0.058859 0.077778
0 0.604164 0.657868 0.046875 0.106486
0 0.627082 0.405556 0.066664 0.105556
0 0.637758 0.563889 0.064062 0.118528
0 0.652863 0.778708 0.050523 0.111111
0 0.664586 0.293056 0.065625 0.097222
0 0.710418 0.571292 0.047914 0.105556
0 0.718227 0.412500 0.043750 0.102778
0 0.774477 0.268979 0.050000 0.110181