0 0.304949 0.162042 0.056773 0.116667
0 0.335156 0.606021 0.046359 0.106486
0 0.345574 0.300931 0.063023 0.116667
0 0.349219 0.452778 0.039062 0.098139
0 0.369789 0.078243 0.062500 0.117597
0 0.412500 0.618979 0.046875 0.106486
0 0.423180 0.458792 0.064062 0.102778
0 0.423438 0.200000 0.055203 0.114806
0 0.472656 0.302778 0.063016 0.118528
0 0.498957 0.469910 0.061461 0.117597
0 0.504687 0.612035 0.039578 0.098153
0 0.524480 0.798146 0.057289 0.118514
0 0.535680 0.243056 0.064062 0.095361
0 0.545055 0.125465 0.057813 0.078708
0 0.586719 0.416667 0.055734 0.114806
0 0.604949 0.657868 0.047398 0.106486
0 0.638539 0.563889 0.065625 0.120361
0 0.640102 0.312035 0.062500 0.090736
0 0.652605 0.778708 0.051039 0.111111
0 0.695051 0.179625 0.066148 0.100000
0 0.711195 0.570375 0.048438 0.105556
0 0.718227 0.410646 0.043750 0.099069
0 0.774742 0.268056 0.051563 0.110194