0 0.277734 0.590972 0.052344 0.115278
0 0.312500 0.756250 0.046875 0.106944
0 0.337891 0.436806 0.044531 0.104167
0 0.339844 0.858333 0.046875 0.108333
0 0.348438 0.594444 0.054688 0.113889
0 0.367578 0.725694 0.046094 0.106944
0 0.401953 0.579861 0.050781 0.109722
0 0.402734 0.839583 0.042969 0.104167
0 0.416406 0.718056 0.043750 0.102778
0 0.458594 0.434722 0.056250 0.116667
0 0.456250 0.568750 0.046875 0.106944
0 0.455859 0.860417 0.039844 0.098611
0 0.468359 0.709722 0.047656 0.108333
0 0.505859 0.547917 0.041406 0.098611
0 0.531641 0.683333 0.044531 0.105556
0 0.562500 0.840972 0.040625 0.101389
0 0.592187 0.684722 0.054688 0.116667
0 0.593359 0.534722 0.041406 0.100000
0 0.606641 0.822917 0.042969 0.104167
0 0.655469 0.536806 0.040625 0.098611
0 0.661719 0.690972 0.050000 0.109722
0 0.660547 0.813889 0.039844 0.100000