0 0.287281 0.599472 0.046000 0.104167
0 0.312777 0.755729 0.046586 0.107292
0 0.335332 0.866410 0.052445 0.110931
0 0.337387 0.436201 0.043070 0.102597
0 0.349402 0.568750 0.041898 0.101056
0 0.368445 0.725778 0.046000 0.105722
0 0.391887 0.427604 0.041898 0.101042
0 0.401699 0.564326 0.046883 0.107819
0 0.403020 0.839583 0.043070 0.102083
0 0.416789 0.717972 0.044250 0.101556
0 0.451949 0.442972 0.051273 0.109889
0 0.457074 0.572132 0.045711 0.104681
0 0.455758 0.861201 0.040141 0.099486
0 0.506297 0.845826 0.046297 0.107292
0 0.506742 0.548701 0.041312 0.100514
0 0.533840 0.683326 0.048633 0.109375
0 0.562992 0.839847 0.041312 0.101556
0 0.593758 0.684118 0.055375 0.113014
0 0.594637 0.535417 0.040727 0.100000
0 0.606648 0.822396 0.043656 0.103125
0 0.655875 0.536979 0.039562 0.098958
0 0.662027 0.689847 0.050102 0.108861