0 0.335156 0.606479 0.046359 0.107403
0 0.344789 0.464819 0.040625 0.100000
0 0.364063 0.330090 0.045828 0.104625
0 0.417187 0.245375 0.064578 0.105556
0 0.412762 0.618979 0.046352 0.106486
0 0.432289 0.390278 0.062500 0.117583
0 0.466930 0.136576 0.064062 0.099069
0 0.480992 0.333799 0.060937 0.087958
0 0.484375 0.583333 0.061453 0.118528
0 0.494270 0.455090 0.064586 0.117597
0 0.547914 0.306479 0.062500 0.090736
0 0.548438 0.675465 0.057297 0.117597
0 0.547918 0.556944 0.051039 0.110194
0 0.555207 0.193056 0.057289 0.076861
0 0.566926 0.413424 0.065102 0.115736
0 0.608855 0.242132 0.048961 0.106486
0 0.608855 0.572688 0.044789 0.100931
0 0.652867 0.144910 0.048438 0.110181
0 0.663023 0.387965 0.065625 0.118514
0 0.662762 0.563889 0.046352 0.103694
0 0.688281 0.244903 0.047391 0.108333
0 0.726562 0.391667 0.044797 0.101861