0 0.335156 0.605556 0.045312 0.105556
0 0.345574 0.301854 0.063023 0.118514
0 0.344273 0.463889 0.040625 0.100000
0 0.386719 0.100931 0.059891 0.083333
0 0.413801 0.222222 0.066148 0.105556
0 0.415105 0.457868 0.063539 0.117597
0 0.412500 0.619444 0.046875 0.107417
0 0.467187 0.136111 0.064578 0.098139
0 0.484375 0.583333 0.061453 0.118528
0 0.493488 0.472688 0.063023 0.115736
0 0.547656 0.306021 0.061984 0.089819
0 0.548438 0.676389 0.057297 0.117583
0 0.547656 0.557410 0.050516 0.109264
0 0.555207 0.193056 0.057289 0.075000
0 0.566664 0.413889 0.065625 0.118528
0 0.608074 0.243056 0.047398 0.106472
0 0.608074 0.571757 0.043227 0.100931
0 0.662500 0.387042 0.065625 0.116667
0 0.662238 0.563889 0.046352 0.103694
0 0.687762 0.244444 0.046352 0.107417
0 0.710676 0.568056 0.047398 0.108333
0 0.726562 0.391667 0.045828 0.101861